start=1164.880000
speed=1.500000
edition=27
volume=150.000000
